101.pdf 0 0 0 0 0 0 0 0 0 0 0 0 0 0 0
102.pdf 0 0 0 0 0 0 0 0 0 0 0 0 0 0 0
103.pdf 0 0 0 0 0 0 0 0 0 0 0 0 0 0 0
104.pdf 0 0 0 0 0 0 0 0 0 0 0 0 0 0 0
105.pdf 0 0 0 0 0 0 0 0 0 0 0 0 0 0 0
106.pdf 0 0 0 0 0 0 0 0 0 0 0 0 0 0 0
107.pdf 0 0 0 0 0 0 0 0 0 0 0 0 0 0 0
108.pdf 0 0 0 0 0 0 0 0 0 0 0 0 0 0 0
109.pdf 0 0 0 0 0 0 0 0 0 0 0 0 0 0 0
10.pdf 0 0 0 0 0 0 0 0 0 0 0 0 0 0 0
110.pdf 0 0 0 0 0 0 0 0 0 0 0 0 0 0 0
111.pdf 0 0 0 0 0 0 0 0 0 0 0 0 0 0 0
112.pdf 0 0 0 0 0 0 0 0 0 0 0 0 0 0 0
113.pdf 0 0 0 0 0 0 0 0 0 0 0 0 0 0 0
114.pdf 0 0 0 0 0 0 0 0 0 0 0 0 0 0 0
115.pdf 0 0 0 0 0 0 0 0 0 0 0 0 0 0 0
118.pdf 0 0 0 0 0 0 0 0 0 0 0 0 0 0 0
119.pdf 0 0 0 0 0 0 0 0 0 0 0 0 0 0 0
11.pdf 0 0 0 0 0 0 0 0 0 0 0 0 0 0 0
120.pdf 0 0 0 0 0 0 0 0 0 0 0 0 0 0 0
122.pdf 0 0 0 0 0 0 0 0 0 0 0 0 0 0 0
124.pdf 0 0 0 0 0 0 0 0 0 0 0 0 0 0 0
125.pdf 0 0 0 0 0 0 0 0 0 0 0 0 0 0 0
126.pdf 0 0 0 0 0 0 0 0 0 0 0 0 0 0 0
127.pdf 0 0 0 0 0 0 0 0 0 0 0 0 0 0 0
129.pdf 0 0 0 0 0 0 0 0 0 0 0 0 0 0 0
12.pdf 0 0 0 0 0 0 0 0 0 0 0 0 0 0 0
130.pdf 0 0 0 0 0 0 0 0 0 0 0 0 0 0 0
131.pdf 0 0 0 0 0 0 0 0 0 0 0 0 0 0 0
132.pdf 0 0 0 0 0 0 0 0 0 0 0 0 0 0 0
133.pdf 0 0 0 0 0 0 0 0 0 0 0 0 0 0 0
134.pdf 0 0 0 0 0 0 0 0 0 0 0 0 0 0 0
135.pdf 0 0 0 0 0 0 0 0 0 0 0 0 0 0 0
136.pdf 0 0 0 0 0 0 0 0 0 0 0 0 0 0 0
137.pdf 0 0 0 0 0 0 0 0 0 0 0 0 0 0 0
139.pdf 0 0 0 0 0 0 0 0 0 0 0 0 0 0 0
13.pdf 0 0 0 0 0 0 0 0 0 0 0 0 0 0 0
140.pdf 0 0 0 0 0 0 0 0 0 0 0 0 0 0 0
141.pdf 0 0 0 0 0 0 0 0 0 0 0 0 0 0 0
142.pdf 0 0 0 0 0 0 0 0 0 0 0 0 0 0 0
143.pdf 0 0 0 0 0 0 0 0 0 0 0 0 0 0 0
144.pdf 0 0 0 0 0 0 0 0 0 0 0 0 0 0 0
145.pdf 0 0 0 0 0 0 0 0 0 0 0 0 0 0 0
146.pdf 0 0 0 0 0 0 0 0 0 0 0 0 0 0 0
149.pdf 0 0 0 0 0 0 0 0 0 0 0 0 0 0 0
14.pdf 0 0 0 0 0 0 0 0 0 0 0 0 0 0 0
150.pdf 0 0 0 0 0 0 0 0 0 0 0 0 0 0 0
152.pdf 0 0 0 0 0 0 0 0 0 0 0 0 0 0 0
153.pdf 0 0 0 0 0 0 0 0 0 0 0 0 0 0 0
156.pdf 0 0 0 0 0 0 0 0 0 0 0 0 0 0 0
157.pdf 0 0 0 0 0 0 0 0 0 0 0 0 0 0 0
158.pdf 0 0 0 0 0 0 0 0 0 0 0 0 0 0 0
159.pdf 0 0 0 0 0 0 0 0 0 0 0 0 0 0 0
160.pdf 0 0 0 0 0 0 0 0 0 0 0 0 0 0 0
161.pdf 0 0 0 0 0 0 0 0 0 0 0 0 0 0 0
163.pdf 0 0 0 0 0 0 0 0 0 0 0 0 0 0 0
165.pdf 0 0 0 0 0 0 0 0 0 0 0 0 0 0 0
166.pdf 0 0 0 0 0 0 0 0 0 0 0 0 0 0 0
168.pdf 0 0 0 0 0 0 0 0 0 0 0 0 0 0 0
169.pdf 0 0 0 0 0 0 0 0 0 0 0 0 0 0 0
16.pdf 0 0 0 0 0 0 0 0 0 0 0 0 0 0 0
170.pdf 0 0 0 0 0 0 0 0 0 0 0 0 0 0 0
171.pdf 0 0 0 0 0 0 0 0 0 0 0 0 0 0 0
172.pdf 0 0 0 0 0 0 0 0 0 0 0 0 0 0 0
173.pdf 0 0 0 0 0 0 0 0 0 0 0 0 0 0 0
174.pdf 0 0 0 0 0 0 0 0 0 0 0 0 0 0 0
175.pdf 0 0 0 0 0 0 0 0 0 0 0 0 0 0 0
176.pdf 0 0 0 0 0 0 0 0 0 0 0 0 0 0 0
177.pdf 0 0 0 0 0 0 0 0 0 0 0 0 0 0 0
180.pdf 0 0 0 0 0 0 0 0 0 0 0 0 0 0 0
181.pdf 0 0 0 0 0 0 0 0 0 0 0 0 0 0 0
182.pdf 0 0 0 0 0 0 0 0 0 0 0 0 0 0 0
183.pdf 0 0 0 0 0 0 0 0 0 0 0 0 0 0 0
184.pdf 0 0 0 0 0 0 0 0 0 0 0 0 0 0 0
186.pdf 0 0 0 0 0 0 0 0 0 0 0 0 0 0 0
188.pdf 0 0 0 0 0 0 0 0 0 0 0 0 0 0 0
18.pdf 0 0 0 0 0 0 0 0 0 0 0 0 0 0 0
190.pdf 0 0 0 0 0 0 0 0 0 0 0 0 0 0 0
191.pdf 0 0 0 0 0 0 0 0 0 0 0 0 0 0 0
192.pdf 0 0 0 0 0 0 0 0 0 0 0 0 0 0 0
193.pdf 0 0 0 0 0 0 0 0 0 0 0 0 0 0 0
194.pdf 0 0 0 0 0 0 0 0 0 0 0 0 0 0 0
195.pdf 0 0 0 0 0 0 0 0 0 0 0 0 0 0 0
196.pdf 0 0 0 0 0 0 0 0 0 0 0 0 0 0 0
197.pdf 0 0 0 0 0 0 0 0 0 0 0 0 0 0 0
198.pdf 0 0 0 0 0 0 0 0 0 0 0 0 0 0 0
199.pdf 0 0 0 0 0 0 0 0 0 0 0 0 0 0 0
19.pdf 0 0 0 0 0 0 0 0 0 0 0 0 0 0 0
1.pdf 0 0 0 0 0 0 0 0 0 0 0 0 0 0 0
200.pdf 0 0 0 0 0 0 0 0 0 0 0 0 0 0 0
201.pdf 0 0 0 0 0 0 0 0 0 0 0 0 0 0 0
202.pdf 0 0 0 0 0 0 0 0 0 0 0 0 0 0 0
203.pdf 0 0 0 0 0 0 0 0 0 0 0 0 0 0 0
204.pdf 0 0 0 0 0 0 0 0 0 0 0 0 0 0 0
205.pdf 0 0 0 0 0 0 0 0 0 0 0 0 0 0 0
206.pdf 0 0 0 0 0 0 0 0 0 0 0 0 0 0 0
207.pdf 0 0 0 0 0 0 0 0 0 0 0 0 0 0 0
209.pdf 0 0 0 0 0 0 0 0 0 0 0 0 0 0 0
20.pdf 0 0 0 0 0 0 0 0 0 0 0 0 0 0 0
211.pdf 0 0 0 0 0 0 0 0 0 0 0 0 0 0 0
212.pdf 0 0 0 0 0 0 0 0 0 0 0 0 0 0 0
213.pdf 0 0 0 0 0 0 0 0 0 0 0 0 0 0 0
214.pdf 0 0 0 0 0 0 0 0 0 0 0 0 0 0 0
215.pdf 0 0 0 0 0 0 0 0 0 0 0 0 0 0 0
216.pdf 0 0 0 0 0 0 0 0 0 0 0 0 0 0 0
217.pdf 0 0 0 0 0 0 0 0 0 0 0 0 0 0 0
218.pdf 0 0 0 0 0 0 0 0 0 0 0 0 0 0 0
21.pdf 0 0 0 0 0 0 0 0 0 0 0 0 0 0 0
221.pdf 0 0 0 0 0 0 0 0 0 0 0 0 0 0 0
222.pdf 0 0 0 0 0 0 0 0 0 0 0 0 0 0 0
223.pdf 0 0 0 0 0 0 0 0 0 0 0 0 0 0 0
224.pdf 0 0 0 0 0 0 0 0 0 0 0 0 0 0 0
225.pdf 0 0 0 0 0 0 0 0 0 0 0 0 0 0 0
227.pdf 0 0 0 0 0 0 0 0 0 0 0 0 0 0 0
228.pdf 0 0 0 0 0 0 0 0 0 0 0 0 0 0 0
231.pdf 0 0 0 0 0 0 0 0 0 0 0 0 0 0 0
232.pdf 0 0 0 0 0 0 0 0 0 0 0 0 0 0 0
233.pdf 0 0 0 0 0 0 0 0 0 0 0 0 0 0 0
235.pdf 0 0 0 0 0 0 0 0 0 0 0 0 0 0 0
236.pdf 0 0 0 0 0 0 0 0 0 0 0 0 0 0 0
238.pdf 0 0 0 0 0 0 0 0 0 0 0 0 0 0 0
239.pdf 0 0 0 0 0 0 0 0 0 0 0 0 0 0 0
23.pdf 0 0 0 0 0 0 0 0 0 0 0 0 0 0 0
240.pdf 0 0 0 0 0 0 0 0 0 0 0 0 0 0 0
241.pdf 0 0 0 0 0 0 0 0 0 0 0 0 0 0 0
242.pdf 0 0 0 0 0 0 0 0 0 0 0 0 0 0 0
243.pdf 0 0 0 0 0 0 0 0 0 0 0 0 0 0 0
244.pdf 0 0 0 0 0 0 0 0 0 0 0 0 0 0 0
246.pdf 0 0 0 0 0 0 0 0 0 0 0 0 0 0 0
248.pdf 0 0 0 0 0 0 0 0 0 0 0 0 0 0 0
24.pdf 0 0 0 0 0 0 0 0 0 0 0 0 0 0 0
250.pdf 0 0 0 0 0 0 0 0 0 0 0 0 0 0 0
251.pdf 0 0 0 0 0 0 0 0 0 0 0 0 0 0 0
252.pdf 0 0 0 0 0 0 0 0 0 0 0 0 0 0 0
253.pdf 0 0 0 0 0 0 0 0 0 0 0 0 0 0 0
254.pdf 0 0 0 0 0 0 0 0 0 0 0 0 0 0 0
255.pdf 0 0 0 0 0 0 0 0 0 0 0 0 0 0 0
256.pdf 0 0 0 0 0 0 0 0 0 0 0 0 0 0 0
257.pdf 0 0 0 0 0 0 0 0 0 0 0 0 0 0 0
258.pdf 0 0 0 0 0 0 0 0 0 0 0 0 0 0 0
259.pdf 0 0 0 0 0 0 0 0 0 0 0 0 0 0 0
25.pdf 0 0 0 0 0 0 0 0 0 0 0 0 0 0 0
260.pdf 0 0 0 0 0 0 0 0 0 0 0 0 0 0 0
261.pdf 0 0 0 0 0 0 0 0 0 0 0 0 0 0 0
262.pdf 0 0 0 0 0 0 0 0 0 0 0 0 0 0 0
263.pdf 0 0 0 0 0 0 0 0 0 0 0 0 0 0 0
264.pdf 0 0 0 0 0 0 0 0 0 0 0 0 0 0 0
266.pdf 0 0 0 0 0 0 0 0 0 0 0 0 0 0 0
267.pdf 0 0 0 0 0 0 0 0 0 0 0 0 0 0 0
268.pdf 0 0 0 0 0 0 0 0 0 0 0 0 0 0 0
269.pdf 0 0 0 0 0 0 0 0 0 0 0 0 0 0 0
270.pdf 0 0 0 0 0 0 0 0 0 0 0 0 0 0 0
271.pdf 0 0 0 0 0 0 0 0 0 0 0 0 0 0 0
272.pdf 0 0 0 0 0 0 0 0 0 0 0 0 0 0 0
273.pdf 0 0 0 0 0 0 0 0 0 0 0 0 0 0 0
274.pdf 0 0 0 0 0 0 0 0 0 0 0 0 0 0 0
275.pdf 0 0 0 0 0 0 0 0 0 0 0 0 0 0 0
276.pdf 0 0 0 0 0 0 0 0 0 0 0 0 0 0 0
277.pdf 0 0 0 0 0 0 0 0 0 0 0 0 0 0 0
278.pdf 0 0 0 0 0 0 0 0 0 0 0 0 0 0 0
279.pdf 0 0 0 0 0 0 0 0 0 0 0 0 0 0 0
27.pdf 0 0 0 0 0 0 0 0 0 0 0 0 0 0 0
282.pdf 0 0 0 0 0 0 0 0 0 0 0 0 0 0 0
284.pdf 0 0 0 0 0 0 0 0 0 0 0 0 0 0 0
285.pdf 0 0 0 0 0 0 0 0 0 0 0 0 0 0 0
286.pdf 0 0 0 0 0 0 0 0 0 0 0 0 0 0 0
288.pdf 0 0 0 0 0 0 0 0 0 0 0 0 0 0 0
289.pdf 0 0 0 0 0 0 0 0 0 0 0 0 0 0 0
28.pdf 0 0 0 0 0 0 0 0 0 0 0 0 0 0 0
290.pdf 0 0 0 0 0 0 0 0 0 0 0 0 0 0 0
293.pdf 0 0 0 0 0 0 0 0 0 0 0 0 0 0 0
295.pdf 0 0 0 0 0 0 0 0 0 0 0 0 0 0 0
296.pdf 0 0 0 0 0 0 0 0 0 0 0 0 0 0 0
297.pdf 0 0 0 0 0 0 0 0 0 0 0 0 0 0 0
298.pdf 0 0 0 0 0 0 0 0 0 0 0 0 0 0 0
29.pdf 0 0 0 0 0 0 0 0 0 0 0 0 0 0 0
2.pdf 0 0 0 0 0 0 0 0 0 0 0 0 0 0 0
300.pdf 0 0 0 0 0 0 0 0 0 0 0 0 0 0 0
301.pdf 0 0 0 0 0 0 0 0 0 0 0 0 0 0 0
302.pdf 0 0 0 0 0 0 0 0 0 0 0 0 0 0 0
306.pdf 0 0 0 0 0 0 0 0 0 0 0 0 0 0 0
307.pdf 0 0 0 0 0 0 0 0 0 0 0 0 0 0 0
308.pdf 0 0 0 0 0 0 0 0 0 0 0 0 0 0 0
309.pdf 0 0 0 0 0 0 0 0 0 0 0 0 0 0 0
30.pdf 0 0 0 0 0 0 0 0 0 0 0 0 0 0 0
310.pdf 0 0 0 0 0 0 0 0 0 0 0 0 0 0 0
311.pdf 0 0 0 0 0 0 0 0 0 0 0 0 0 0 0
313.pdf 0 0 0 0 0 0 0 0 0 0 0 0 0 0 0
314.pdf 0 0 0 0 0 0 0 0 0 0 0 0 0 0 0
315.pdf 0 0 0 0 0 0 0 0 0 0 0 0 0 0 0
316.pdf 0 0 0 0 0 0 0 0 0 0 0 0 0 0 0
317.pdf 0 0 0 0 0 0 0 0 0 0 0 0 0 0 0
318.pdf 0 0 0 0 0 0 0 0 0 0 0 0 0 0 0
319.pdf 0 0 0 0 0 0 0 0 0 0 0 0 0 0 0
31.pdf 0 0 0 0 0 0 0 0 0 0 0 0 0 0 0
320.pdf 0 0 0 0 0 0 0 0 0 0 0 0 0 0 0
321.pdf 0 0 0 0 0 0 0 0 0 0 0 0 0 0 0
322.pdf 0 0 0 0 0 0 0 0 0 0 0 0 0 0 0
323.pdf 0 0 0 0 0 0 0 0 0 0 0 0 0 0 0
325.pdf 0 0 0 0 0 0 0 0 0 0 0 0 0 0 0
326.pdf 0 0 0 0 0 0 0 0 0 0 0 0 0 0 0
327.pdf 0 0 0 0 0 0 0 0 0 0 0 0 0 0 0
328.pdf 0 0 0 0 0 0 0 0 0 0 0 0 0 0 0
329.pdf 0 0 0 0 0 0 0 0 0 0 0 0 0 0 0
32.pdf 0 0 0 0 0 0 0 0 0 0 0 0 0 0 0
330.pdf 0 0 0 0 0 0 0 0 0 0 0 0 0 0 0
331.pdf 0 0 0 0 0 0 0 0 0 0 0 0 0 0 0
332.pdf 0 0 0 0 0 0 0 0 0 0 0 0 0 0 0
333.pdf 0 0 0 0 0 0 0 0 0 0 0 0 0 0 0
334.pdf 0 0 0 0 0 0 0 0 0 0 0 0 0 0 0
335.pdf 0 0 0 0 0 0 0 0 0 0 0 0 0 0 0
336.pdf 0 0 0 0 0 0 0 0 0 0 0 0 0 0 0
337.pdf 0 0 0 0 0 0 0 0 0 0 0 0 0 0 0
338.pdf 0 0 0 0 0 0 0 0 0 0 0 0 0 0 0
339.pdf 0 0 0 0 0 0 0 0 0 0 0 0 0 0 0
33.pdf 0 0 0 0 0 0 0 0 0 0 0 0 0 0 0
340.pdf 0 0 0 0 0 0 0 0 0 0 0 0 0 0 0
341.pdf 0 0 0 0 0 0 0 0 0 0 0 0 0 0 0
34.pdf 0 0 0 0 0 0 0 0 0 0 0 0 0 0 0
35.pdf 0 0 0 0 0 0 0 0 0 0 0 0 0 0 0
36.pdf 0 0 0 0 0 0 0 0 0 0 0 0 0 0 0
37.pdf 0 0 0 0 0 0 0 0 0 0 0 0 0 0 0
38.pdf 0 0 0 0 0 0 0 0 0 0 0 0 0 0 0
39.pdf 0 0 0 0 0 0 0 0 0 0 0 0 0 0 0
3.pdf 0 0 0 0 0 0 0 0 0 0 0 0 0 0 0
40.pdf 0 0 0 0 0 0 0 0 0 0 0 0 0 0 0
41.pdf 0 0 0 0 0 0 0 0 0 0 0 0 0 0 0
42.pdf 0 0 0 0 0 0 0 0 0 0 0 0 0 0 0
43.pdf 0 0 0 0 0 0 0 0 0 0 0 0 0 0 0
45.pdf 0 0 0 0 0 0 0 0 0 0 0 0 0 0 0
46.pdf 0 0 0 0 0 0 0 0 0 0 0 0 0 0 0
47.pdf 0 0 0 0 0 0 0 0 0 0 0 0 0 0 0
48.pdf 0 0 0 0 0 0 0 0 0 0 0 0 0 0 0
51.pdf 0 0 0 0 0 0 0 0 0 0 0 0 0 0 0
52.pdf 0 0 0 0 0 0 0 0 0 0 0 0 0 0 0
53.pdf 0 0 0 0 0 0 0 0 0 0 0 0 0 0 0
54.pdf 0 0 0 0 0 0 0 0 0 0 0 0 0 0 0
57.pdf 0 0 0 0 0 0 0 0 0 0 0 0 0 0 0
58.pdf 0 0 0 0 0 0 0 0 0 0 0 0 0 0 0
59.pdf 0 0 0 0 0 0 0 0 0 0 0 0 0 0 0
60.pdf 0 0 0 0 0 0 0 0 0 0 0 0 0 0 0
61.pdf 0 0 0 0 0 0 0 0 0 0 0 0 0 0 0
65.pdf 0 0 0 0 0 0 0 0 0 0 0 0 0 0 0
66.pdf 0 0 0 0 0 0 0 0 0 0 0 0 0 0 0
67.pdf 0 0 0 0 0 0 0 0 0 0 0 0 0 0 0
68.pdf 0 0 0 0 0 0 0 0 0 0 0 0 0 0 0
69.pdf 0 0 0 0 0 0 0 0 0 0 0 0 0 0 0
6.pdf 0 0 0 0 0 0 0 0 0 0 0 0 0 0 0
70.pdf 0 0 0 0 0 0 0 0 0 0 0 0 0 0 0
71.pdf 0 0 0 0 0 0 0 0 0 0 0 0 0 0 0
72.pdf 0 0 0 0 0 0 0 0 0 0 0 0 0 0 0
73.pdf 0 0 0 0 0 0 0 0 0 0 0 0 0 0 0
75.pdf 0 0 0 0 0 0 0 0 0 0 0 0 0 0 0
76.pdf 0 0 0 0 0 0 0 0 0 0 0 0 0 0 0
77.pdf 0 0 0 0 0 0 0 0 0 0 0 0 0 0 0
79.pdf 0 0 0 0 0 0 0 0 0 0 0 0 0 0 0
7.pdf 0 0 0 0 0 0 0 0 0 0 0 0 0 0 0
80.pdf 0 0 0 0 0 0 0 0 0 0 0 0 0 0 0
82.pdf 0 0 0 0 0 0 0 0 0 0 0 0 0 0 0
83.pdf 0 0 0 0 0 0 0 0 0 0 0 0 0 0 0
85.pdf 0 0 0 0 0 0 0 0 0 0 0 0 0 0 0
86.pdf 0 0 0 0 0 0 0 0 0 0 0 0 0 0 0
87.pdf 0 0 0 0 0 0 0 0 0 0 0 0 0 0 0
88.pdf 0 0 0 0 0 0 0 0 0 0 0 0 0 0 0
89.pdf 0 0 0 0 0 0 0 0 0 0 0 0 0 0 0
8.pdf 0 0 0 0 0 0 0 0 0 0 0 0 0 0 0
91.pdf 0 0 0 0 0 0 0 0 0 0 0 0 0 0 0
92.pdf 0 0 0 0 0 0 0 0 0 0 0 0 0 0 0
93.pdf 0 0 0 0 0 0 0 0 0 0 0 0 0 0 0
94.pdf 0 0 0 0 0 0 0 0 0 0 0 0 0 0 0
95.pdf 0 0 0 0 0 0 0 0 0 0 0 0 0 0 0
96.pdf 0 0 0 0 0 0 0 0 0 0 0 0 0 0 0
97.pdf 0 0 0 0 0 0 0 0 0 0 0 0 0 0 0
99.pdf 0 0 0 0 0 0 0 0 0 0 0 0 0 0 0
9.pdf 0 0 0 0 0 0 0 0 0 0 0 0 0 0 0
