1.pdf 0 0 0 0 0 0 0 0 0 0 0 0 0 0 0
2.pdf 0 1 0 1 0 0 0 0 0 0 0 0 0 0 1
3.pdf 0 0 0 0 0 0 0 0 0 0 0 0 0 0 0
6.pdf 0 1 0 1 0 0 1 0 0 0 1 0 0 0 0
7.pdf 0 0 0 0 0 0 0 0 0 0 0 0 0 0 0
8.pdf 0 0 0 0 0 0 0 0 0 0 0 0 0 0 0
9.pdf 0 1 0 0 0 0 0 0 1 0 1 0 0 0 0
95.pdf 0 0 0 1 0 0 0 0 0 0 0 0 0 0 1
102.pdf 0 1 0 0 0 0 1 0 0 0 0 0 0 0 0
227.pdf 0 1 0 1 0 0 0 0 1 0 1 0 0 0 0
320.pdf 0 0 0 0 0 1 0 1 0 0 0 0 0 0 0
339.pdf 0 0 0 1 0 0 0 0 0 0 0 0 0 0 0
342.pdf 0 0 1 0 0 1 0 0 0 1 0 0 0 0 0
343.pdf 0 0 0 0 0 1 0 1 0 0 0 0 0 0 0
344.pdf 0 0 0 0 0 0 0 0 0 0 0 0 1 1 0
345.pdf 0 0 0 0 0 0 0 0 0 0 0 1 0 0 0
346.pdf 0 0 0 0 1 0 0 0 0 0 0 0 0 0 0
347.pdf 1 0 0 0 0 0 0 0 0 0 0 1 0 0 0
348.pdf 0 0 0 0 1 0 0 0 0 1 0 0 0 0 0
349.pdf 0 0 0 0 0 0 0 0 0 0 0 0 0 1 0